2012 -5 3
2012 -3 4
2013 -10 2
2013 5 12
2014 15 55
2014 -2 5
2012 -4 6
2013 0 9
1999 -20 40
2000 -12 35
2000 -8 30
2001 -15 28
2001 -7 32
2002 -11 27
2003 -5 25
2003 3 31
2004 -9 33
2004 -6 30
2005 0 37
2006 2 38
2007 -3 35
2008 -1 36
2009 -6 39
2010 1 40
2011 0 41
2012 -6 42
2013 -4 43
2014 -1 44
2015 2 45
2016 -5 46
2017 -2 47
2018 1 48
2019 -3 49
2020 -7 50
2021 -8 51
2022 0 52
2023 -2 53
2024 -1 54
2000 -10 33
2001 -11 34
2002 -12 36
2003 -14 32
2004 -13 31
2005 -12 33
2006 -10 34
2007 -9 35
2008 -8 36
2009 -7 37
2010 -6 38
2011 -5 39
2012 -4 40
2013 -3 41
2014 -2 42
2015 -1 43
2016 0 44
2017 1 45
2018 2 46
2019 3 47
2020 4 48
2021 5 49
2022 6 50
2023 7 51
2024 8 52
